BEFORE BURN: 
00 00 00 00 00 00 00 00 00 00 
00 00 00 00 00 00 00 00 00 00 
00 00 00 00 00 00 00 00 00 00 
00 00 00 00 00 00 00 00 00 00 
00 00 00 00 00 00 00 00 00 00 
00 00 00 00 00 00 00 00 00 00 
00 00 00 00 00 00 00 00 00 00 
00 00 00 00 00 00 00 00 00 00 
00 00 00 00 00 00 00 00 00 00 
00 00 00 00 00 00 00 00 00 00 
00 00 00 00 00 00 00 00 00 00 
00 00 00 00 00 00 00 00 00 00 
00 00 00 00 00 00 00 00 00 00 
00 00 00 00 00 00 00 00 00 00 
00 00 00 00 00 00 00 00 00 00 
00 00 00 00 00 00 00 00 00 00 
00 00 00 00 00 00 00 00 00 00 
00 00 00 00 00 00 00 00 00 00 
00 00 00 00 00 00 00 00 00 00 
00 00 00 00 52 00 00 63 00 00 
63 63 63 63 52 00 85 63 00 00 
63 63 A7 A7 52 85 85 63 63 63 
63 63 A7 A7 52 85 00 63 63 63 

AFTER BURN: 
00 00 00 00 00 00 00 00 00 00 
00 00 00 00 00 00 00 00 00 00 
00 00 00 00 00 00 00 00 00 00 
00 00 00 00 00 00 00 00 00 00 
00 00 00 00 00 00 00 00 00 00 
00 00 00 00 00 00 00 00 00 00 
00 00 00 00 00 00 00 00 00 00 
00 00 00 00 00 00 00 00 00 00 
00 00 00 00 00 00 00 00 00 00 
00 00 00 00 00 00 00 00 00 00 
00 00 00 00 00 00 00 00 00 00 
00 00 00 00 00 00 00 00 00 00 
00 00 00 00 00 00 00 00 00 00 
00 00 00 00 00 00 00 00 00 00 
00 00 00 00 00 00 00 00 00 00 
00 00 00 00 00 00 00 00 00 00 
00 00 00 00 00 00 00 00 00 00 
00 00 00 00 00 00 00 00 00 00 
00 00 00 00 00 00 00 00 00 00 
00 00 00 00 00 00 00 00 00 00 
00 00 00 00 52 00 00 63 00 00 
63 63 63 63 52 00 85 63 00 00 
63 63 A7 A7 52 85 00 63 63 63 

==========================================
BEFORE BURN: 
00 00 00 00 00 00 00 00 00 00 
00 00 00 00 00 00 00 00 00 00 
00 00 00 00 00 00 00 00 00 00 
00 00 00 00 00 00 00 00 00 00 
00 00 00 00 00 00 00 00 00 00 
00 00 00 00 00 00 00 00 00 00 
00 00 00 00 00 00 00 00 00 00 
00 00 00 00 00 00 00 00 00 00 
00 00 00 00 00 00 00 00 00 00 
00 00 00 00 00 00 00 00 00 00 
00 00 00 00 00 00 00 00 00 00 
00 00 00 00 00 00 00 00 00 00 
00 00 00 00 00 00 00 00 00 00 
00 00 00 00 00 00 00 00 00 00 
00 00 00 00 00 00 00 00 00 00 
00 00 00 00 00 00 00 00 00 00 
74 74 00 00 00 96 00 A7 A7 00 
74 96 00 00 00 96 96 A7 A7 00 
74 96 96 00 85 52 96 85 52 52 
00 4F 96 85 85 52 85 85 52 52 
4F 4F 4F 85 52 52 85 63 52 52 
63 63 63 63 52 52 85 63 52 52 
63 63 A7 A7 52 85 00 63 63 63 

AFTER BURN: 
00 00 00 00 00 00 00 00 00 00 
00 00 00 00 00 00 00 00 00 00 
00 00 00 00 00 00 00 00 00 00 
00 00 00 00 00 00 00 00 00 00 
00 00 00 00 00 00 00 00 00 00 
00 00 00 00 00 00 00 00 00 00 
00 00 00 00 00 00 00 00 00 00 
00 00 00 00 00 00 00 00 00 00 
00 00 00 00 00 00 00 00 00 00 
00 00 00 00 00 00 00 00 00 00 
00 00 00 00 00 00 00 00 00 00 
00 00 00 00 00 00 00 00 00 00 
00 00 00 00 00 00 00 00 00 00 
00 00 00 00 00 00 00 00 00 00 
00 00 00 00 00 00 00 00 00 00 
00 00 00 00 00 00 00 00 00 00 
00 00 00 00 00 00 00 00 00 00 
00 00 00 00 00 00 00 00 00 00 
74 74 00 00 00 96 00 A7 A7 00 
74 96 00 00 00 96 96 A7 A7 00 
74 96 96 00 85 52 96 85 52 52 
00 4F 96 85 85 52 85 85 52 52 
63 63 A7 A7 52 85 00 63 63 63 

==========================================
BEFORE BURN: 
00 00 00 00 00 00 00 00 00 00 
00 00 00 00 00 00 00 00 00 00 
00 00 00 00 00 00 00 00 00 00 
00 00 00 00 00 00 00 00 00 00 
00 00 00 00 00 00 00 00 00 00 
00 00 00 00 00 00 00 00 00 00 
00 00 00 00 00 00 00 00 00 00 
00 00 00 00 00 00 00 00 00 00 
00 00 00 00 00 00 00 00 00 00 
00 00 00 00 00 00 00 00 00 00 
00 00 00 00 00 00 00 00 00 00 
00 00 00 00 00 00 00 00 00 00 
00 00 00 00 00 00 00 00 00 00 
00 00 00 00 00 00 00 00 00 00 
00 00 00 00 00 00 00 00 00 00 
00 00 00 00 00 00 00 00 00 00 
00 00 00 00 00 00 00 00 00 00 
00 00 00 00 00 00 00 00 00 00 
74 74 00 74 74 96 00 A7 A7 00 
74 96 00 74 00 96 96 A7 A7 00 
74 96 96 74 85 52 96 85 52 52 
00 4F 96 85 85 52 85 85 52 52 
63 63 A7 A7 52 85 00 63 63 63 

AFTER BURN: 
00 00 00 00 00 00 00 00 00 00 
00 00 00 00 00 00 00 00 00 00 
00 00 00 00 00 00 00 00 00 00 
00 00 00 00 00 00 00 00 00 00 
00 00 00 00 00 00 00 00 00 00 
00 00 00 00 00 00 00 00 00 00 
00 00 00 00 00 00 00 00 00 00 
00 00 00 00 00 00 00 00 00 00 
00 00 00 00 00 00 00 00 00 00 
00 00 00 00 00 00 00 00 00 00 
00 00 00 00 00 00 00 00 00 00 
00 00 00 00 00 00 00 00 00 00 
00 00 00 00 00 00 00 00 00 00 
00 00 00 00 00 00 00 00 00 00 
00 00 00 00 00 00 00 00 00 00 
00 00 00 00 00 00 00 00 00 00 
00 00 00 00 00 00 00 00 00 00 
00 00 00 00 00 00 00 00 00 00 
00 00 00 00 00 00 00 00 00 00 
74 74 00 74 74 96 00 A7 A7 00 
74 96 00 74 00 96 96 A7 A7 00 
00 4F 96 85 85 52 85 85 52 52 
63 63 A7 A7 52 85 00 63 63 63 

==========================================
